-4.58917 4.02389 -1.65733 -0.325333 5.74325 -0.464
6.5449 4.43957 -1.69923 10.31 6.055 -0.493
-6.80544 4.11538 -1.524 -5.83204 5.20741 -0.227167
3.12917 -3.136 -1.4645 6.50533 -1.708 -0.201167
9.7236 1.77178 -1.4845 11.9655 4.0022 0.188$
5.83612 4.424 -1.797 9.544 5.8924 -0.446286
-6.9535 4.022 -1.50625 -6.564 5.26225 -0.253455
-2.257 -4.276 -1.482 -2.0822 -3.9692 0.332583
2.34275 -3.14 -1.42462 5.75267 -1.721 -0.195
8.16696 1.77513 -1.498 11.8339 4.04033 0.202875
-5.471 4.03845 -1.46036 -1.07787 5.708 -0.3994$